11169950773996688544439436423289914926414080840580963472664143450977511829475036570561699303193437486412375420143570535900643335257236236956895541631814005778659848914298918611535507688752080951579947833409998930984642006634584855130426124195075429991648760696003141126505400011790520617129153079160078336.000000  
4841126915450663225374777319749839047837847165243458969752828249154847371878289471264953156457570550167400414928942595679816742325246646609640878619255837061309453491350462151584938331399725441547389920611328610640154952111280620006383456871390387735439855131519315321287731990809011270589661347888234496.000000  
-964592704598141133018217564154671785058824679292264102338324285469345119353321927522956566357554820359540560533411847903840313005877972416314050427631604139485920328053355087245641045307037612148519360842250345774886217928540533930758186571608325817593041930835788485476739862507631862994798026585800704.000000  
50635589502247725789461256523221088683043637246764535393448262231039979633763271643145400445778127255245012433081098606140640023882294303266088472687521742246562932452611514353393522350455117931023442872579934941589681815225467414480554103565486489363330438325738898466134175685448328809091918547164069888.000000  
-22821479594393889444463534796125107496486265563635876720548133635875914489505422879545417630184880076246352624150256294174910582529590992729852969103650857426997880377053784919628635577288538322241167907865140190501260139176196967582672625653162521146874975098980301389689692783806332304054787199891144704.000000  
1970410356733599267856816851731994359911768789487839869258498188553823471861407991072970962860065307675545611162407144802768254320281328419095235452500430535157569972482984253632586952653402034514424948906901004144619276082085241912001122318531906005896055133685169377295204339236548311220474305459519488.000000  
-3082019867772870523100666423771217611496744370845535662277984813267690185477850988306085916914035182226533214052163695904803253852584193316397856499751708796301575705921795809782814047205573932716581829013202436099812634162567035899479571464983054015708642867531182081426367734990194545595598277795905536.000000  
-10553956596099186738708614174778041190597609368724231645963641189097197081977871899091405328661748475391556630443166724093185744689632479401595237071353263985621903746198273296578346228293132470431912859843947833571497944706537251913587724181186370657026120565549303581408598557162956271260549141298675712.000000  
-7351590418167187490243818973455809100568070042802055072198753687244958986427837594854877165681680868261347701008822266458971319199607924773479191633851664162901358328055717988545433580753559207391751544470918312070209954933200846547773603922124143340655177599356275227547876638665375545909594071452614656.000000  
-1053748607981626047213355357466794733112393258900647981386238606340763305642592456928457511936293443644807315541821032644435330130523403601424096216076568796033887871471100909125685524909514064517662969330898362563859510134693844848671385275362012308262084696446699033017348899487521882071587820025151488.000000  
-2253078884537994552378079309484238225062291851644353428190437271140473011027408025206050122874072255138704915100150267217983137820369422948589544917143299181914100168123500745861988555024857469878826664145209881706812593773504627939267080906671805769879351042231788372142413613807437132628641329404968960.000000  
-14094362227020326589567413159872503564298345079953785044264971330520468011914822657741889323924827260683212257957316813808506659276768225482533774859259556725781830769869942185897365644838214450457359008923721799694534091305278561133907029473934502604448632272952875190667203331245396571560223007674728448.000000  
-47395592835100829876760808088719102371894462647329044714598704184869087339092747738046964872462351780245016011453682609261670220978175193004094348262921715853694982373981705810317689454471488137224306002844365368105787711871075496541969156908824428154494064804316913044709818242138690149386599278837760.000000  
4184336418987294004613413440252204278756738549070732359471214011017708651386780234029473101727089001208158003901069298826681930840194256758980430146861228963578809442679497239994552465334425959657233691116625185017731806844841217479606203789535292768431863852082434977965171324223087456291995583097339904.000000  
-381016681201449330537662773618881324642099164974937453159698867068698854206904566743287576392419219593952562589580841090389529600707230769950517712019501795327580051289734025755486605257864081171900429329705626673945908036104920871217640806927678417241966800603729555314779472966808729930187539950338048.000000  
-9910603207501168750341575912731783404850651939372555371407157068576013705782470427261351085987204375218222424331090190469511256187299094603237586119760753993888523025431787354660363728580481323720837348856296943955773195916488706383958455718597769367568087266824183548260053545913179289222142344361410560.000000  
-19360757213223387999637265478019638975576347048986191908396945386685919806759102457770382542390496667722859853655480074391901555874104977592162914480442194203883284056828267993356343036047585570275669503189822448351401664059051419410951697142821187512144614169175393760004963404744456530383758738604425216.000000  
3528150892426075989183546097314962038350846479328196675499687327487613699514635839696585004879322312149375651443269680042066155679976882744163991282088473078918272149749002745994773415770626901259747069330427396993223032381319764255284338294534223098173393449826533069643931579548082182165111065165168640.000000  
7182948733847997163473709615560478978388411591894335728726471075416487508594432908943211746465971310917817971802763551011420148299502220121693573468054404857634111076304498971951251382667427277952381340144272031878162134289105755283084673209557708522371572521907628945582349370308408746032833672660385792.000000  
-8534252552859775597463638654157088931841968971750921707973609782281675204512729017966909020427472596295228687749612211241146376346764376692318587639773722568712079862292442689903662572191519887042014950741831038270248711676172171488416884959989784372259531603168481113848599106953024953606609399065870336.000000  
-8126182921744692871713716798140926055658617357925558881094587301295462726839381307648871027799256238012634524566413957340068988869100315582309655135621398336263093769902286732241562329871147099639479583933590402661281303715966336983097693464402531176210824690498320496733085287860681928149882580922007552.000000  
-2245165114280860130132081957295475108161302183894609050416623487871982545336277768090593905069519419012779078021559027496663873341020560123250174967279417816302931533323140789725846138039031379952804218148098732313555764592434807470205216288894687461681648209128804126408960195272472642056901393054171136.000000  
3949157069561746469414905745823936220371981976010655243387069496664528032867575403996923322281366911004960888261730431228002779738264446937929456040670940972624663057481581873155919835528359059738321954397556200383579636093652823571071574348656701768733057701706246508363686018820069602340811349421981696.000000  
14265704231098999635303198464110847828076950801071836131566958878922297512418934999724095352081884921704633630041859253007894897795946114510832710776321959538791699332243828012270907451452093824509890201460533201849254511164707662914086717326700547976308188974914784945638744872791882600688742596052254720.000000  
-14118337625269586021799763698261912429454177304223523971250811588524612461306125854914938280434722776681871727289633398296158545158015045084234912436275482086374919583883539198996914834649987513410918057894403997329707618024328384683286940898969643000612201952772562643521304897061978161222445878032203776.000000  
-5892230802492117373740701426786207944020725633928866598312235896543508598377007692664055379923028684979717454405813995282990421528700755648888366307781180529615847126261396228643572203807800315381374061858774310376153628084824299069325258308364083699663856422351544648972661736941097805056554713003065344.000000  
3678484398077966610990655122055074258137940472299538338313485426023685961153795127684143863090248168692138065330553455080280633169238779170344016549606336268373585827639931999640746344396408309168529947601143715762226814728119567589756533479851282420447088169403080353860670234812985373161437741604405248.000000  
-11224691008289239309220364309565316071633629186005241641623088724566916462958156543320894044980956566310379288769343965027976530585377396816130772035425225482106182594432922034972082772874051598283028024515281545394499669177052185574100673034372288259692313248571655078549639529436528915941855594025058304.000000  
-9807880398356350717685298987054273351243607568742842396984944029726658690659748954444570981745964136410032420125554027888698990488474726121118138400510692759647522331370072794261746178696152561581611094537315587122654060004815241059121409369895780150395732945505749764879629892966779844234589106002198528.000000  
4693936454475512167808173901382406627015316349473331639147017400866630685022064182672906395607202554966136017606358867947445490528429768061323821955419304697599236125602336635719437934661645437571436744631651131361163427788616033344301808794001468144025636029978067874926153570902224968539358136887148544.000000  
11824032948171393285772853489795809740073327561538518786747843179094278265656994148149008613717794659044619965673466389829168112835269803294045979852397081307555564035126134293472415562243992019800059831266356881449645330771747989904547508440301930537410743618918201767902912803658873838629856482938585088.000000  
-11059533651656974832813295071546276155760422114094068720328979738516293790104898258836006482216434072408545592142304103965270687010590197858502039178262102021979912096499501713858808055448247070973063136839361872106228047080029387490844588587910656085628339365318648776624433972872765093312052044578684928.000000  
-1760645954067488592074311347520504844234286636052311121266165188435658355163164451294717058898464100191520313861526074705192410212581243035978914522100660157576079409395178411831777756529569482560958985286211976050664663449008584489878388429823661315218795019298112471929539491045064311189870002835554304.000000  
-4944392556192775062376208267300809709607910062969219049711187929186115744489721033623342634782607156476057203960671239878732867506888189099561150746350752558593993010647223708042679507335420670248709352346669785475881197421846299597565901857025713718064624130584957708496026345920612978731587173747785728.000000  
-8472245888389992546778873090982492673032613224106910323918409479256925447590888410695198181734377035551956262162292573974841220905402888928603451271591946681030983395180482303792983345751645724532193568156470973930715171745357534268471655964502797653811007864429419548385038842526643913537538205943857152.000000  
9647990895439389839933033683682133142609272024188785623462653211988969477781471962989694308038519661103733422074203613726379945707973953695736836544223511247493990735108499993073161897010151693154006100233480077135493371365820716822936040650664228326477771913396781379670003021235784588696592452849500160.000000  
-8956038802357039881062273055510571781829253455841066494713453334053232923119080439225904826272972146426855428895689362435730355117599998537509276019969244442565614119293475845423963694507169980168965709923688209464987840723840865076812665204165324233821726204421774899067531521856328004622456024782077952.000000  
9820342778357158395130595856141961001889028545462248519353705725432637483258021197440359779085376776476820017306656461824109721917501386345344982718846601352367159830362810386866681684126901736558685686501333395261699409239101086274561357878010945587389137499474985030710479524848913719935527731834388480.000000  
1029997171203986071223785478964262786869548205989463498072926314167020652953450851445300619215649209714995607590117113928584399158479740025072524334478208238118931229231594893298874800844464844942385223809038321571866545397579429256932677886284306484373023351564646347222873623430105235302831202326544384.000000  
1247488769051265470673913286677659429364769802812310751482737097118250445498710169576441341025611405398186960424726716470007132408703588028296807099799667177440817872930831597068420526764411880546571652831517117648637819495939278501092468258662013206987441974431507065978132626577893102908540878535524352.000000  
-6201500502774564973312472294471625183612076426832827370222103323302388133478395995756063161688886512791302115593860882646859121547915730853721859885095348128178907584042569378938465848266713255683614996017319173385467680689530872237584944229348868506112294430959561489581234228113017048231991634741428224.000000  
2070647178909699599270006356123349657470854522919621120552329235640722610599835760277901332560899892655581541527809272339851082496648970540676628030691639940585541867434712471808229677094584626405039402221298300847474105071445732536875798990798061529208550284265080072299031241682500820418354433134428160.000000  
-15297954324157015583850319797834128193266452497423644336916767700581691196158081438924349788484704299857053933730519674386423514413604313230925462536037482928167275045822043733865996743667093121838824494849894020715154827294964927598062030778570491328420295593851791648439247899067955607830761999213527040.000000  
5699801010520810470501392625575306916149250846690382400211679189938217099336054396660194940694136854034598867460542662408800227794788903080611654862602732153227455461828703506206190608669311874265157714732174959435017092156348529608492942692850131277432368337381118031029903840030279948966203567999287296.000000  
10782959913289856714414635101975930454379867009018841831380982768200557977665610999121602435147153544557536897404482424025511822149166905311430389066809731773686502348475876160102439296897572121708254439058315229803616713944890732248119581416138019586826970733512787601604445306290963945039302763380473856.000000  
862653158571355208094673410747988718475613666265548774570918881259615763622532276293431155477034969007644515317354825251665236996438805936248863578653537166082644322052637065214382556293839156073489606773845380475897896315501542884373893067582806614411036440589231473201509764961086124896523128796086272.000000  
-1335024097692842020386892626923076325344622122928876787754265332879967232127558605345522772986825215235186775015629882840144613142719029442261763858455763206899068568354651453808083128643600128199060001701968957252475677755514259667850470597367334760640339001799468200758366820166129015285625164895617024.000000  
5923239200094801660314208686816832788419688372197196289912564958973780756300960047335495071141608298548386401462297784004067825556061101968734712688760669620887578745614998719169937163078293295423440712202432767673350148994277851979464539065134611973764354139317779452460137781938384510718632788269989888.000000  
-12117791177539596609456373432831879823361432294486002203499668081298116230327388279475320587784949223000697389908234103973373421845566770423487423115394134376513185094756197170188889624265510959702343793362002503674689497009693857757855084343572115329890776563350142486650906766830030622475384669249470464.000000  
5371005554859906226816632769386433113977843950074444871127289571242715114318228270569237027966756058979063451695566268472030827269058333529287110785232329261634509457464619029327615120404384857650129968434765078814004873409479227270058773994636979036645096155630131980223724320509939656292840960694419456.000000  
-9457302110174660526214239089200929375823363968576641203775139260987842762468663259590951529591753747397517437350465902449365444784657041886820521652360136762723684613442733798163004551663528041078884682982289896418634476774610175696613070148064902240751868077536833438525302489753205907402602689975025664.000000  
-12852315703980046796263061390919731200924285123987393540059601790533869431082734799518014318570188683696650533690774803005384290655023525075798029684098967470215908524957033901278270268961665395214627482780634381870940184210187567390752394052071872026094510920050163876870261636058638178973064211527106560.000000  
-5865221610323633975961276359790322993189535510543243533780195898440026251370187099289680916363824451847090463946116543438340518917288719905262334002182651590411072373362535715384797230071036643929201101242714203718574658665461629748007584964628273612620707631507496995013214447898338602701129827768860672.000000  
-11599755161710452541178857678657563510939496439199877317470362817278400222104717046799008683213878188001385261410890651603841153745193887331514611541366930458048516784149493250289799843820091547256215016355885500438707515741184914889094544925628691872711608916489012357262623679087334329959451484162621440.000000  
-5639554782218701514367666248100862325640040078467021492113774873086605447785949842187521856647998896826680707189649600847049634317141892512929191273396673062768339561313577341101244469147683345711770466186767617303514523060310816068164561449468027648657957058450229435642349627246734535579442175545442304.000000  
-12620382063719963643868310939201152045355165299750160655819898510813763551605374975844125111166720358485144362927166762322918229386848317381806748910624773880931593499806495787190118014985622584824093155782279069322977074494010797916388175625212327058793922585917891033986711302852769128922122371544907776.000000  
11536484639206911811248425102403835770143092437566206754412646480113223077442290246559129662081578212526385481779306317445234580848487127160521211685739907749201281328618733586932001336011378262694250871718362063023647737433368642793998019200680815250417789469493917706256519559005004703627255326321934336.000000  
9267088744495705842778053009002955306681827762221478220563223834079658412290342368427741417749880321487029091244571399230666587940334470235926622468085606457839815431206282266966910201666095511195865716046891204630837925084956504704322103423164544644748911231499852423059101557398241029393711204344528896.000000  
10804867726777549263618407979175161758432543155478620188604912858890196373316787577641584374437635857141267218553954535917658513751326963210029958445798047067757260917047402527518732243699052276030089288841460629477813316607107161431315630878912276826606824735004425952467860925239494383467045379744202752.000000  
-426996982989632900537795187033792741816628250515232682356327220348183570439349979449518819308882591580699826038040146029621915499473168970786774704055743111866414673666774931784946249232004338983700956909718144633830091620378146652549290563743930401330815501414662245419640316572844091589245158062817280.000000  
8508388413409898179960946480277971211587257718216287674308272952098423114519781420397017079825542816222754411976216626832696985276901586128480071118868956929951293521884012808993382456618528945144284558517062018947736023963196698582011694694833886602086364968491737687264847081720466002352149408641974272.000000  
-6151242685623333330349162062947602673939969397342212501686526440849622623433066268353111270364598078719446620525997475670000839857517355682917528782945217817122563185930850022203550984738130393147995500866269902494217401594991230775939345096446299971944445609985209756588081156213764885361277252971528192.000000  
-11480632038242344430723547578400102502735352006423643728220963817622090596412450534184048685903893483629414078174979199139161945858431461523396373795508470596346854701441119117422184638846358369036542921262598313889773664967910172839849387321781875445918363453956851659486429715509721264495243835752841216.000000  
18250202851665971193590524082853661717519195174618891981143866851819480732013465119747589213076779051307043346219658131262056513096896782481310856974852098477015041860887949939566680390588197494887444172607361033146412041221852841311289101042055706837394927813890131952704612045685659143058841721236357120.000000  
11903184016075626019981390963317982746636860102117949012613177841175033115589095331964610929870349864874968032049300108478262660300865154805208805835337990358761582258020356949452837946827697917331310539356080043417610037407259508455348399646236558270005020406419347764800421922595281970747374003860537344.000000  
-14792973866893500400380603037727238644635191047569603787966096008127445905164785293661197976516273676870086564092319252787158426869046145941371375207077794801637699928837320802448314111319715481209487218167967306662344840602705057678477243019464710240854440167874313255003199044058664198351705040683532288.000000  
15269189219767969279855289053914130637499902493038263023534850595875847966214425195740724926242423256260241597026619682063789811823132450070005363741565427667657938387551545406929711869125035543819169500591277789813345522138358380575438808535966681111231892408319483589609681450222027776882138378412228608.000000  
2496113651780718671808349001595005159163185544344607142948725171459398049700883956589339870196676051323969028763213230007666439120092071181007447824679116285317350112322435514152111827931390181780174744159888590824065516069901707199723685820158963870328397617476854207368685827646326822004070014208966656.000000  
3296713975332199451488535294297963901923831707750827274520676120037713367904714324596892995445586201004344598528156643408767295986678569028865235878643309663745481967180826510866036560793640624919021773642913469080076649336979034507724228791425423496025804413494285372110081875972300905469262138905198592.000000  
-9842720305951618152356427487750388692101934032149557952747352039186196790343028095718960405232788694751159111471601670219441303384017646545006411625205973441029754450961003866012194077000603879211481167218708029898929719152433143079737723865357727046336275828060428717390204517357932281777636563969114112.000000  
3185740063783907544603992198724124020437979590103676113955514645306498179243035737299058108249942640325701647265225312099842107152756245576834066974786248521943806326630147200048766429357179065609358659083341503303528763378163799496068254552006300360358298825900174175349017613842965151225876645479972864.000000  
-1949343250094177258265589629505581535974091363779883245605844941520861579786057653434069358653232806888542039011951052616778169157763711077333085656385459162480215149919469007924900019647247222981355401599866809575137517051608051654737439216667680397599101069678692254811817846738933530989827053682950144.000000  
11799882979349217235588803242009574478529357720764208416819407222234069450340949187384325996369762952657055916717590001048449145411866110632459343887432739828202022409215911981469023237656034397232335868000977538634049128070799693290573037336537554247953928349401962491713773173787931354661296243092750336.000000  
-376467067716116067133376965397899656950117652347954242397988729885935372589878582386288185990624354211224522693210364566375852836690682431125982725181161422411034953922089255443350477512266579858013071286321620847304251579645228597149945360454009327303649450542638519358702039649282042268472235085791232.000000  
-16307061311537635354282386837289126946396690656778207967650377873323802341188169290959106395977214866126389172082205884844928610294028450760963704685753229360089867790122259080374373393612512990873822522974873604880430669273063752765532233666020393920998042644674004725297663036703311666389395932379611136.000000  
4703272461903837173857927937051531972693385070888541819296473089035275107232067636857122138339104551078844108858616467512647902690064593594708151564523859504414852172278468002968803449624554143631345913001119143271965616557681424412849370951258942610247352809248841084324791472404183402448625961707503616.000000  
1185218845589993248597621570297961993961837720614787144515804450975761867474820024859457989247098234592532370244708852356378498996041573536386879750998039260873385002977956736494497809853440185071312949043080598475814419958932910550285107004654776216108519157571411762879559745882080196055021428745961472.000000  
10570254721262087921950480394696339899452743211263413460616002358061754548408715106100339997636828818597368340430790998422783679745707355357483667620555437295341675318326634395897073940446644220334500439522229353563105691887728861752863684082304648497048866126388873864314761954241474932168395475763855360.000000  
-10248972876566653522749922312857302256237848797049283920247428306635845629304667291188370301874890438557275309606157029366125479677345071311192195115479978055829623029912903200152694895089704815169223087196661416817100593667075036224586096779668182194107603466267975838954286748258057624229829540235444224.000000  
-6073742562817647757928792412605859446393088252295945586396428029842664617404801151543202773823909141574810379653463055754941618243264244597522042926914690735100287106379722812427473790414480710015486830282311097692435956766218465358047566084841718062187899977250217701794599134811480401587565231960227840.000000  
-3669903421223856991737997459741683072012023023609982788340191537322603242566897183953431357742604981597823584268190992414477559238822127303873730980368832235319479635178359308595696036556324587008987366869758707687801118849318153116689343313016112503368317981486391852895290495933250247605997531121582080.000000  
-3046918449033391770811087203870121515524499756298292732620685489545502781351372745189371856073670817735117875461188013485058226987649947428534756802110339110594546771739255724762635466925296793252442099734923277436444919448118256498705202097736448906074449847930107484849238941435175161651633699522871296.000000  
5996187857138628188139062443475582743352899571710254149340707858619778366180939128683756004793941769132751225537896249360774190636325059126516520747638540160079266407158515563411540443046371751485456286287068527089872035790508188504450861197844749665766875219775241538592997831163081028246674542040186880.000000  
17583480539552869031843565223362550964908778451952103967105615893626499318979903991371538909176054320577845196100424438045816205075831282651285489403230539765799371181920881953854202864688013621600564995412678696646445491999890879806742135603275801622563554725603062027904360675772099624105384855157604352.000000  
-895558431384984038344377052793245473677285206102459876875066390097578980516475698804164832569206468010587148506593228951539118828141586734487704869912506230770490585374041405554486449390255535857078884762334849936581186483144514881341490175497978402774569305167116119610069187175374105533361989540118528.000000  
16343265300982218626132682046553388181010354625394156158712546132760507052705099669719987527458744510363112496556158887511644108452341095370673095617072385219342833661690800361865964928719380029410800173760971482109239811852760867937713114828794695909112408408713208840406442944866769281195335021934673920.000000  
-13537631030030083150511525137228615586704699616283873354628293548481466768251731386795634486734392423774474211159970886144136657521012044178996883785255928050122464199874257358406061910785891376174612150310928250887581944927984908388626523873898783704657725220150920288956790991788346162537684748214468608.000000  
-571145490670793415714452636363448894187206014321555319633825923576489461361092408391200501707480420735263114153212277695746696654969077225522157874074392081134309942574025215629958139278292478975104092697047754928890147746949333758681155891295653805142971458580940152736912780798393670491274965382332416.000000  
-3935357625756270506838830702043604408634787212507893254428514525294487192894816668253645320910024876905912490196612151601151396585100897732540891603402796691591929968294186750528148401902422017379430650519318369000429013373534240047548832119830702768957051972072368747412900376459970712161735701520449536.000000  
9479287360085143695394379364498916623875007680832769030445978277704036587410006297196203864735449854364957018992702162560237664809002282342095941344360779768873024767323008706114751188759474152867406623263938541485528849969114128038623254775238628012617182733063223603932677058964322088823039061154332672.000000  
7301018281416707304814612255482230101925573557144412221535526565873648577459634208949960310744620303430891296270991565051771094850058189331486635044609225418181615115462360975776579029542084132253032464715381604540840649455946380055968760622339617874373000300187064878548205166549530021925212261701386240.000000  
26017311582097273575481089039089659484673412832494966523911421380111152313305238306632431258823113930037180413785667919618000279827664130959406945641603376046211388598637445897385796655187518718764710821351824601330814976021580555695159821329041647538297253950919607532622287023095483664523791265385414656.000000  
7487714459105246512709491304705394277375699457920512612387215081834103598792798853354672179261646936948415370892426586569928825764514395716737223876739588405747962112740432903996772606991493416387427229585768160651136553601198213798202921531834349713452750380675218366222153066996896397801140540806266880.000000  
-998841241918686964783815251247848711063307390493828075089066608119481934938228945594422581240905402403393430837013761631155241427331069462747331104623550953649776341810504718602955816552819812800803905291627939836887571569660455043709224606475780241562247897426538504758664661058207367341260545699348480.000000  
7335683394535681324110961926114335085865267275407526334666247399239397597703569555229737362422966299342813164752254521632733495180224684725252043141276450411760868518433216851953112314413034529966495563341752929151354711970117498626062413328232526910494713508970591379715940106336305761802862122699325440.000000  
8426784855113576442013135227690711797888195455426427393324081799481644113766034957459254227637688424005825867906818802742471935278276949239667420293398854488042820615643211905298483069287969532794381578279301246115187343759093489490665877259801117181278438950902511922378509190576076052734632372849344512.000000  
2099850607755906548026540885563889709433194135820516274441749425904477320566252731882378029792234882937841564224069699565940499949386367467190770791443786808234293203043433127883499304134550879749110593113912218065252588007663287824534395270117949431147731021914891292163801683871372461296134653866934272.000000  
-7705743581540311820387262396614754711762639522198517864041030375282669370390857705910388842325358305603423836668842024170638405850761680267639251980462426416659199174936040035379166308025312863329031363809196533313442953182044954001042086314288380002184158060546291104677530440119233643000066090305847296.000000  
-1579427697216890853650061450932030207829886845264739834137990740404490224972673224796939938847239207259887231650365161746082295191006946916608609036674858234317892310956065063754133215864737123026602200732316821034580146322588951622200868434598378308953134295544273564331676878024702531960950457479725056.000000  
-5569193549681764667608238546538913357753360753270762922732478867120293203649977258940460471130285101284095765087151900112549992762094362674000403268368019788906178346766993090500344961812151253694145630612273120277198783183045418488359396228646033789601358330999513543610049519782916269398030640109060096.000000  
5688380799675009972507221174443631016296069443360646943582351783923150718159445313395991373927390434717789407418512641127438927548097967649274896389590266237073897558442631927143973116278439763533797719450221760981000929281637330994804595552417227250880590480949169897940471988596425213550514997376843776.000000  
-6418681706410911243468061184358614784940829721421851838166460071061161584462626183348572256301710389626237589268444692577097562939246861548298495451702268180079337419978388400445516265343761751732696063895071843261454477146128000517786139291614431625745370387924940690501272187288004668563857837106659328.000000  
15024865649907129908226389527622558072944236431536889171987949781755694533255714334211568301592291212280897666688011055886770642553501130574356413357575719300189628719542454919936842888654972011728695681471457967403341349777038390895072456482161933160673214807924720528966135412125734368078539328170491904.000000  
10504083555665837224381159851367851329458908335313979920161389897576236971111128139886490825382340983290001695391681295294982792200875614179461378799252078341491832178391935844884246648933444963237031874539997479608592154815668270985025983263031591324836396786213012998037436891489536906096359259747909632.000000  
11154555785589299551680730342572884281700473443849796455691351870741831855485765224782199941676012110214803571075209626585631676361727502642313713935682144109463286042145455619158185091781731117156179621444267039998980496140911832791648372964463627650950403503368630788844620690933734290050195351456972800.000000  
-6818310544574823285376961804141651917336785701704307733739617203998987945510146124767509160874928745253693025285677007943726610084729281415660897389615905619672954523116718891220651329658568948607790305690803892348811228471227983398308723848315733171072108079139242829343839023473303744289201493842591744.000000  
8971420477476976386041171410664948000639138401621197459449177281646640500953199159731788154172030086602991145259346978488323781683981998208225362898771680285235967521390792338576398422997512319618728990402894895516551219223796969227904635758407933921574951834259342844672941988021721677711373043069091840.000000  
-11143999569788375544830258308905266637296904762838532990085637824748387368698336307766941234980887370417703376198968205420554809131746762933538194063484327170317636489482063551748690838918743199016929341085792835558422816237547411069104985522888947633477926628652650098037193480810256272822476482705096704.000000  
10580036494270662136280650611352461895950033897294708623849639295189988257378060614060434159823478290938259140403076617767157671634976325627189331382351631135359410232378195677065310549117398658328038101915703248352202863284626485421247299119296027938251051560852104663001139702042023804387275843594878976.000000  
-4604718837978194013487444750170789428288315791993572559797353540332461600382924166919510409019661286560431656047288703886139230207490434979285762601062578893081659753973867282869455900344609205458565520167133717476128387170767797995998936303048600578742489704145420940320858483052026743049037066012721152.000000  
17891513231665089263013731757774247555404675361177891240602100162709221414008320457371834286920574664558672511224952218099452119566992081218165292589965230815162066771271481544972595200843367104750705398520455353677810806895062848394219910105769048124582434814076534982846205381065242251700116030520033280.000000  
-8048824580065263961129845784474188980067486881999875222246911322664706066710181197886475192038602226848989796069570458753169955379927955912574841958559106303321900821102196429706118901670989347051518583229658239809847231819153836832109723796927554242053507528860506516537032500824761043596568942010695680.000000  
7829839575044362438083413276344748032173260178188267518438918804508188137519465175328681263651981303584187086125916434968174443769136070914049561951720218194926262453814709302305600850028698347434496544897345685832738101076735034988676481153228503834032309946990304982121616519722198697832283455524700160.000000  
-2267496526483735050094221028830854456989325380490977867534817559063922315469084593939071378915590748440497365467415963092257986263429451812794772630044769836083617446346338962068317152408778034623448623997803686561589313468354391233482229552961363953008872407383349178878751964888551267376754258077548544.000000  
-202171992644319131569164545879311357411574992970969290513984500754220336194605477395415036282146079863469862203779569527163328048829828405921856319958075636236671306153696610587107826461667853082250431998451710885943919492144487457249096284953333790627860638063721154793736446091639039978962909740924928.000000  
-14700384469872101024459044493948389618609217986453250014728723312738740662058268923210488706979178060946947048253387399245045866486777013005391093008232281491204836360659199859308800080609326444246985755305042516181534275784258065050656805023844572371436741031427101799734066598564561601047181495740923904.000000  
4055130885462308285399404090763184044925869551501026407176130522068274009243291920427534021137369372767192724783452272528226587328097666560095676544621618892102123716705653755093638937243665336105486254913982816238251194453955314083132337554329269238516393038313279460641490884005960442790421524796932096.000000  
-6198551813352960447391710592429322228164136107459910234124873289295869928939810404715823730058379281077169576044589683552948654762314438920782595823067993416999520252816354159144136207666114638169397783386477450542504680588100560433047391496559596382082990011708863340107612258214924838706240254895980544.000000  
223057884036969029279807941353794336700718701306085309841942130756320836027050469120621422700785648212331353220577464432856895743906985274217475892116483322090351201991808561255482346055385498419386112646289093990927570251559758866401389047718772125653810056139593980266539489769927274994752037463261184.000000  
7224235966561526163297500793701637761654831570074701650544607383672217068155399554308718490738261090960207656139540280442828512200249457717923497954412167422930111254646335812892445687094722560880588810481706959004999005808842847506563660585638616574930197613244683507995604196574329996847738377230876672.000000  
-2343418240702920829948584055532742252072606154981413986294859657531253467719522108634282642005147728294141758047984407824381643065100676310001229762440819120858631893423582081051418527029913951808012489795678072481396117461086315888555630602925331714856406477812868238882909635152794672749497974421192704.000000  
1463370791474592606984866556756327287332911226785381201590758634916106064863481245244277132736976469287040977980526468623046305961737133592318186204913732284901925330881335953892616736098749846228137433114818004426504956505576887461294069059437931730601815438344893815831452353837150668529947959313301504.000000  
2902019914918046603302531925074688063791301974323320696346237958349148026712461376160083782951272928885416857235150038776369603068218268641276643969020149798471943237177314120969948281185276661607120705897650308467165090320377509702218094341223975899215594717578109013365205103323909920493733824778207232.000000  
-3145448059267899594986321516788789606765119000396775972778132755002753293090328006643000155757020275989883344456069091182125379784234830089899252130846681670600414297030619766160464251611687087427183389271113642056172850416232365946006756180670697901973871036796314645389130279620970895760629856112476160.000000  
-8148665541868727111096857349021917300088510295807722255383942437565950015742532196435746382957492474945497337297709884045857143869176214995109028337691674432664944212787140363833562683472798809950287199535285843864490177268258324731217556303311928508582447044231208192318093300844936057809446397936664576.000000  
-8538049753706332705833789358219187096774866431577339358282555458262804225892015897531495102707095240676392601551871337955450636463981133321055304107299577333080812022284852074865761804121190663718760302657909294499791681326098755691840710640024564108048344757203587580244988474694033158890934606854356992.000000  
-24112803382879083647821195408031725679777972711079922869149330758237339248030485824886289839277599710979693039116095271759954857662869378569394449020634113320557762352114226066297970933993642672221717598858318244224581696473419842424854259194874611412745032817258787566445992315744383475391948514752724992.000000  
-11865579684634612888076999596118015030876883999433473329253752060706927183879516286873770048255420806833882615149513573126435366861218544430188340167920725205804209459667814882398657852293946927377691902891514540197650622920125647621101525676401893746641940803576058298639245536156957052892651398428098560.000000  
3151419555844092248606208672372802060249736812225867054590898289180321183140634807905210209925126276736123848553532442303484945957818085376210307064326842965295847007160182834472931021783455028527989055460547965679986064606387285692005033530812206278428683816944909789668953768497249896576348339174375424.000000  
19523262986125661981949640643938820041319030893597993803626441756762706942975713759238034817038786715922459522199547965259871544027966713305955923758998277758509352631996848955683657392433450144186968091231914613173400563098155864863345169470114180516269884073184589195627103662499834231636859288996020224.000000  
8044381002559020000909094682752089023432024512999868987660833681737842304191347347275909254868331453070655015242956151757181421973097559278981110077851260415974879849955566580847008827312446908261520852980758283110987082122600159820282309976553703876663315468278235343791164573324557072658876817431592960.000000  
-13695941462444038726334746749503726457131030855794231510384341899428783017172572626304545521694187667987646912216992042153114359917646539139791603645000165948424764799498103586183322563514892575643808079541333465375706353635373855967944552494311006421313260530558069109240167668709372953288614253202243584.000000  
1125628095598204580621605272646047725991534407089977943961096931449688667586129423488934240891814972975615137229764628540769561584599234139005871840814672465421833889115607339840777244613408945730836825245027287670081475496158884189643028759229504447269590632780427425683078860096044680626216899832709120.000000  
-16155469807650936813352657508966534144765895994699309445297774546553073092938069642337101469072125736974159299258361990135577723086627623439605048232695547145225093787099399990458618480668251780911072237762051533274590233974189164444521986385301127595527305608295190532715002873839171287228150772985233408.000000  
-16869410465582737158352856312995000044576865002202186172120676036577182942214743467341010430840859662629614367935635376181186357154358372407027861295779094288522494014069889843406912464779711174341177884397504612731161509775299403668634015203004254084052726651842516657095233823487324994349278753202372608.000000  
-2678461796910779023381430355377065755890369287030345870600924833583927566340109618770901439379214558118428630270072612406290697449460083676357013629276555318092083277050522867855242176395701121854875559737318331285588585405517993458507675278986284213160791067339909117787223323285627552638312671250219008.000000  
6645789760548544580431875405787942602268462326663829850008964183450429839291105028775085229152129706203865654480075689987331442395336322336321994056355194444094285349318579652596151917162294572078378863906410076238840259743204410095312594825411827436118388356811996340713554395546648060498031717719736320.000000  
6119995302686664534946689041145603201946739966203975275397861114313349989551860254892987020867861468596818154679911459333144961388360591226339365860932485472742246635159230731326359179516671931695524250628661501775920374435574392836441143053128285065677409106862605171548560730684442584773211675252752384.000000  
-13825709990746143759219640485205530463613843423277697982779451012783279201747762244466072617897247512263646501301538163794191966419475984854729137504432186821951629026235724089802062106820001483098674105231074727940639053576879000403620853681776911522270880149238233036710574587273052528453221430478241792.000000  
-2967571667478273170493609265222780045821404992572162048563088612612644861001959389544355655069008980501873584912114441053546415947559374382752077758204363899649333928778549284320903615612308207255324090236976876604292887418128825609499873702026208812105050598241546194201581210954273910862020702606721024.000000  
-1674564510346482083382736434512886312237972995009909626474629738384981312607596647295979738343661448354685065486657793989532343677538266690785834999127863728274506117127150677874348513131874179883525185722364024436630700461526428969445748810742656337354457270277771017679722617442809449269237177143787520.000000  
8208065316397371060284033222846797773220615835333425198998864273451903961409201077385714756082417128034662581148844650433694352471722722558325995384823449814392600809097353330380676634628606058382176013265705987831709650926957498420722631455269745292363790454356234642883137531911983458751119124766654464.000000  
2260837261060106123698449508314411014500326757755017470819276324719145677967012668549577892036131820081549401440995586037191608645372215484317015711966221461470385113424107611956994648710102106958847913308680105300887571700773713030307166474215568306129173760305910709646272289722016097871169647177367552.000000  
1712484971580267031728232082416765236853168659086543635512260232883070381543780844109779998581498758322706477616191767582028897883497879819698936526981049658273637788076866760853636511893720784670665190969839288674218199919865972773867133415826552428319810158436029691345044774719763239245569937358454784.000000  
-21502894231992607018944525199345817881305929930378954918379070117405431363273769082491203973849292025335015831721007741612032568844365814902497936287402425328527743233252223234144952010164657272099525903166697609030667738289543308250120666776995759704919631417807534467917428685746607109132023042309881856.000000  
-3203117516100331538814102757448920934385190642780938433225575622421993822534414769945181451135751932850470998562730267613027631246922492635557515469772732746984079394019688023874547545437769946383587421759185909507518918088276243327701478696705358367928960703293530574749256555429165245389669001982902272.000000  
5526664046213645998821801930130636760779024753143215027399497301980237946422698681891676529327265740254968377922374415986365616932390641006322610242609219441971639813067578586810863450240390848389315495504811661483150944367310903259404097127254447570867875778491955466521674258050236022264416760863129600.000000  
-2551232170080404869028238500661620124829646662963469639552089616114126619118277808097466480784031463185840448781340099462536272559834087077553349771285724960883495321040916825515378347514609848423990856511091798264956944704007832131855028201980897211199949700712285794249356470493264084609983708655517696.000000  
-15966262872842695306141585900162233607724397710791495809248364559277041572532183039748062510058603429826265321329565249421688662496343701651857108956879942034480621895690909381656797366569610000424751673634598913393010718220896363469109642823202060419569684698724000939140990849396031203216579559981842432.000000  
-7482140200547942917555577983126887766419618344009144777174914147974862580965088608777457297157493034998155318250770456264095772876412878979304641216703939773458282525669499220774264930068584092497140714449903768667883737510401168545031469986322167743188316544852644761699070945965037484291528080173826048.000000  
7269890117997791452499332966136456577384328051891997272008021090608613343033738900857130298382773301128652546025030392653397852590209858524395631899617316551933245860661735700873345913737762674624689405424180823713681875157979596215095729053286580853818585939422106840491251877849184291549479270562660352.000000  
-5629865726011942700670914274442133483012275739622560079698523824117075028280259068860105616454191293080544362478508606137932629706242130115197994424371177409643886480931442765421805770713857628390906932955617911623983784727987614452249336334180394260124476109062690076786203161132595688782472122988494848.000000  
22043472558702068105928718702059143167326937708062815762529108297923294456154242625378032009323646129463625986239070151662450645445419688359833632925326823012518033792461671984463238020762876592142616639037081769350117232395478732700297310513071888446275966198694011633550410561497751292444297360874405888.000000  
-2453103599476688465621442158414632434163386394292072071129164960353290177976625967266912851704461220346074818464602539868610524338982709443911601369211634111471251993455042070525238102011993697655923789139521328142785752626530526430441798977473104251407363308290863775281223919308833036285940509024714752.000000  
-3777083418403347509951464787642358020644424227242026060882620860460212618442282774803645650808556854364130918994799806863294775309243329106630183393536059245619585557800529563700511694773688540163021912922204977398834803380881984527188896198910069658955822216655286024752000710502197407005900354816573440.000000  
4075434862471971787133287469492977159737129136881280016727443743624762838764003681053635177481864721731031429898155642280007386018063978033898847003179466147554254193177336693719166318234605369093520121456755938274324525323109112011156969782039365345994060313649294773171351742245149857496841038508064768.000000  
11457186488761835727426777326547161571585085030135698270934047406251930750951568325229657207709885014120180669108271737586441788736495764621565843089844363056095234273535577420697480091437924911665793681803621203498991654318178669035967447658361797143620208313995581485839238073176917025842800486999130112.000000  
3867852130860003534953717521555982696587315438379447011735629032566263391299973191409187658790307450069007942203196205217943617339326168647733263287314479984340709540837769548122747160203186703416611470612152704891093425277501304895764555337453828165925858196862129637713141400900419075470355401252274176.000000  
4074300006892379583094812041898524560218573264802637414587883870361657336581426099587342642812103708820370659647117650382161588351703733536312308533255105132284972333436514302915521975807881533384215758509834809509125525697482468034561485227101223991843619735886208342752281921311020030682261050359808.000000  
-2502767589912101592961756873477098691588825820192355262441572215216493231104115111176175493477087187018407891323262715981778810839733962600746131742571553668171086377768835671764338042050936355403398699079532795851724982218176467948769213275730440687610354490558865445142388905119500431112963169103904768.000000  
-6296701238691583338348456838287208105865146492022480506514120096142586669942119628042202750349721069105528579183826776174919250136639748066546108782003528211787447340354537104150581773583540636157044981875581278181590162143005199306662701472402250002902118528165958789964526640520598669932026401621278720.000000  
1684058961420380697283619740573559614303082654104063937624283115982328745133583306379465359749071618335951031168918442731861991185329833523633970139846842931203498925618174596654539127823196929441341456243842485615409034325290396749934602051588338011206052767167496364474583851669469798059687309329039360.000000  
-17256427076715183777909809340964679591602979598141700199999181459649842761714609302678713366632794495099721218516057401731018700777860607906950283093026654095182043410325373902545822202236470290116935217742799887799186274884560270052311899997351228295907001798852365284660511870145975800259345963613683712.000000  
5807577194582873444908090389271503602868238248914508562400559821188235287970738640026115824818633951507783108832623740614956779449065497599004499714498203607564988795542121867513073273109729666853733851585735334156295887491373228103844760595081850854675939670516318861771547103325305299576050401541095424.000000  
-5354137775546764418474026345541808208604332391748833033918412616295277746896180298359933279084719402287318429436140839435823044375833604917142819437619440978430723005161895167352701918858469973645829814969479576375212990812560928067427462352651990766266478170072034413477052050416749976342143913204645888.000000  
-9668798352870172063998560854409929713943640285714078781833433340581683797599891827704861867927621079782577148975554253853627045240084113857978094347414188138467358787248184407318061152502788182909476816279558607629355648159276441107364293308582609162476850521149710842209039992586593827659292298736304128.000000  
3881984552890147910535992060542712728768464258950061789269107937898403297916364827157570545693691838706319840332331116811116042129669841067511337702922599400858083695170207629796510854431573249296607963161216269861480745713710041210496697012156099044565437743052635300474309653004381319424188358500286464.000000  
-6004087446416994107748178908719255067261078504274399935456103408557030000282239701538420485712182712163586563404845501678046680030757514254975792043406979667059220882866299644049774095727739707888712343624965487072774272389905737893048501702598751696441921924854384463981263151354968078201093675798233088.000000  
-15774570414328482188430395302853737964152473675304096954836291111018170017635900019556329597153531598902925441594908837607409180751829979041691499854058591105558494914931937288700935947051545665281698466394975600413035621799616295811883483660019666642619132364024783839953645447073266049689059033928957952.000000  
330058241035457452578311794062618131866335605052836625398204123784917349254432503364840528088284664562655625784662058675875011406560370186079384841939476346837132004434896169384524834225464202306520520492977831525747232258219348318573096900517496563129241724062492851408685613729442527455090146717728768.000000  
1060305991277191468693129893019111903405110270039190168083865902767165375291078912536331759877745795005015059141027698456623566826710587921120047677499362845582024520665759786757865041431770931766916040388773048979188276519097816729483373532571042669942590142978087731311225609703189598208299833680199680.000000  
-10498800774572291915566362684814534523761860436305573656437379521864245134855722195685693307616679132366662788292960076661036737270350022159089799814726139495145210293189589013219013697885995388770380237523763145443783280639244686365372845072960382931452016551761013114256994465050955657645342486721200128.000000  
-3318052557111871762435475502507653924227270958669778602889157096228456135287774305894019253199288289186399888776818407878218857657309083247970179135948728599831537434893922891265026427041906491628962701365464689146275895629300631426681985826408265182429835395836909561148759863698112764513834976132726784.000000  
7239959155583857595387373611004133298950616150858189613645975042223637540434530860125314062327670114443051907516009353515101870530114112459463420192368980376490691758111275179678915316161219951760197290761485886270125155004641538128277245849310120207527774687815028649228929000042118078637883353269796864.000000  
-8213625366482081218815172120769812336565234245529051270498535015944920283744910095347314132250075489840078406326687867711240177282574950973934470619509252175831098340008935211687009751502371610034917092297450985970430360381913467295604291678528122120957762177181621033616246327946608747564708291711860736.000000  
-3182017896554320949967284865943821823136709602667415008093295084251044602723356080379344673294142684008577227353947878246560213803928706994801145865823200420616794215025731748606748491156531415492754519457457373980551310206299609848253114517888617542197534077942864021700483749765287860839906733818118144.000000  
-19977356380171101146288723943626145396033423827322377820335191952636660160273426205489006096480627965511333178118638276733771777166435372508413681004562075482052454407187736931403331185524031421002341547194727736960940777632071692037411883653784439091496015356433215870171244117094229465197289505952890880.000000  
3473263509726535927582758424367096310394200333323986537043791722395445387831649559231592321620138180337945255978136174473543263916150955801109873776666622805625115181842332892084437402783194281621232555568818656199210035537462006783318535381852266496693857459078542844729482271532311814163326738383241216.000000  
-23150747217319503545113832581906775019697122421679915245418308761083660491188102102607780047009280135364067773933700969724217151274109210058837302193530145947763278752686465094858857606583130697843505568802102598958441016457291831406815539146175190861964649525520054023073277218720222293407141281946140672.000000  
-13093128102498643316391181931672403562948242648871192103562665267372996448335365015401925991222576948593199531068062580881043467103645173433913691912585090215744257929458822308366085113493188927146970470716890000107152808744934149011297618033490403688797862205917257451160037486842847215787276110821064704.000000  
-789759780057463709155328525096755660548953454952163200093709322532701172409487196904111764167013508967555991976964971076822719142459817448284791945012501617645148121934326804428619121176797118383304994183178786301419915326855955478896407659564589065715841508180050377847995448440273261827229343354454016.000000  
-4039366641740005788230364739363021579012641651067096442189312413784228844551079597529547712594994644491239759489693218161585372912010307735370038404113652770874377675222646861877592326301638169689781412823142228800769033494589019320836930944621284673456891540961668954212713709593191178076723920481812480.000000  
6519003359580713436063874250354990582721063104270206042900796643270641839221018669324269273024447125650509164535340052407848279422218701837535169895901234101364787809810664545714109552747100675912486477205049921319561965376326367778911469855851516818343403843320512746539088384368344972602919219076530176.000000  
-4075863997907042151405172217928026980719781401723992861830563534789085152625521347530976572832879678898540188738598798124971006043626228554287954278528656725370039664664044999787376693141701693656689428227570183189404550218117276674348683953047790747741570319816771386954410288428398620806341600359743488.000000  
2983653529655686756383191446363199362395219595528439203878288045153357340415331011506569847878549619884066672748108288942097365430332704721718070146455399609443709055077264404787535962009354211763784906076343348397537674190788265854441742491855597056516301804566483872812490886931018163765784151169433600.000000  
3877237052279790742349851312538015318603949704668923735658953259749776911421377718913734014747015412743254952652244280337386701054606654342039034989695353182476090605555408714921990956088322046982475964241978739805884917979605009277681958857329208112743983602277067281001679551527328057759481931539415040.000000  
2647579193985082508285354161369377995675680575090269618628696015293824857952936006280674805137536804729716222718055728369207190282729980434592175303173747971669057653845710256067116975837064508046149935932993248555395613321862710046819610319063531323823548443643781764021072784642511198789439096207966208.000000  
-18536041433616152264948440683867159334976937271801564544836791294441981531809508528036595569330957245574007828824725003417112432889973962600398443569689435490898189343955380871575761613891598957224310105728119974708862145168439434495546346969095843160214505321876910288907836686309027572355426236806201344.000000  
1384000654011949392624608357867450417687787435496612548158869389259242590812896602109713464835859875545320289290200919446241167244205265124255312331027691873308578623825925352306751427612056582314016717913835974061894099472196253232284082191041107396088210053993719349845621795789782997499018652755689472.000000  
3928406085397341507809837776113936075450043314556071772454976310956364392408010985707704668610090819426445851752843319638410347560704745363774230223399924493998410703641301020238165826819234828042176161646197107213117362466002499815178066128229973562052045561368266530467631272100705337542563132732342272.000000  
-1408504213949393225447118583105029390447104796336559286469577898208531127164198017912646416684505171278682059173022541545464036862012632871980856000067847122779529409428421774169505270549955571120867837213477862218019843997215634736323928323427779388086459982287820942919348188288397593031700820806074368.000000  
-4243748000386525560723653097313969166051219022977747254950150519444182623008263624553308932631439353173237730910688375924878540125226340739573324864731991892866047853509457307523841802171298118588669664789756056126855281381475536641924836160125227010936099776986271645524549078385264234985579315269206016.000000  
-9988446659489080007653866670740905460356839807720013872277173677069708976514431684894257275766145855524359240868532839288945453006283513086005469901118349816140114402163548533537591920511909994884245816562783179902915414918951941973277142415975245904393556875223235520780559886558236417872239522683551744.000000  
-6040477306865848475304721452317651387397742704268803314933631395920292985886803661347976071727842619218030791262224753005504547971356215685252163186219265979518488760352836524311395306574987352564361592426407857077079567814172079888799982373626930648097246996678125030107089957309164594604051768752996352.000000  
-1913460129867997544406949362926001789213667052302237711126041962482904059244501199728800143360845937885320268821934620969427714587824460913524050327168354817983744800047506277386959013398534782807208089950693847101658326745016757326923472392098305772739053726910797853252438999432172065148455314337562624.000000  
1329839210331786610822791972585011298949973959531557455503072578471885959987252963931494807516847522193586277438921914950302701294982718348553513523629444209171909989894974709509542634218013742693509950820103155611203145830582430912091506497865260030914366704838403602608164216237851588458687963034812416.000000  
-3396892177054478077954400998638048922907643649841510016905628663199154878172062860864005649629056177977575331604351995664499909079812018814809946873770657075148808974030433869303229623622719345733177982582407711583807506079507174148424051021432663423634566854196486039553737460658692610693952814266187776.000000  
-13628417592872315405085730139445067815400424199866981020929594638210823461979554156248907954202453236133402376415914047783917136096659482897888629560661829074787488841492745891370807574105469479731442245497568380989987714361418774387681106458163067787155011654679372352206368014282222866103401151473909760.000000  
4963612152701781445842153669414263321338684242254448476076862711546380383948042929993346534836468251801230194810875888573920917365601404404644869559515994277289054619555287131900425953147648434772766004808055147436532950107228255036980858650722796863594962481226153366900632731885372400337760647246774272.000000  
9440293588678518369649072535596135331358538379647003966606089905694460008450390897282772094079297692385570685308372944134371686200706738381159515348636416589919038247467178256469343158819440822382262702317969333643791677561277992230619821634152385095157732102676843902306842554672959640917717006698938368.000000  
-11157643881132938115255177830889728696367755430406088798434438113800391717039729231575757699914811736994576718090745986858537752159745020078280690870904686805391669957548914193334501621597275366914567004679714964176761953083368407676615516480999436946512852218449942840175104207632276263316969093045682176.000000  
699778118474878446982656795171451711964345584294790735703950480574420596975054473854633058763823676603673215813852341721342427727400395855461034891840970383896324031808082733382752452586066365264093987632614811140544863032342360120153510371639930670940147608449049375166736482834427021437584194322563072.000000  
-2345376899599629813970352929458890682212580584244491671560214314279448761421554166822799731163016805900093019904111372273447049237762055710456232583047293341813787878515070920804785798932989296045970603225753120643987460057902253472181678990138452595348265113407381940444162342742358704945169105789386752.000000  
-10576306887933130318387831242940488219226953899072095722194380423394247722274136071773893804689401537612781190674434568595177771384257000813533214776248966754591696639317314892098680730178268239656696575846439087006227491061825934641843076529598160208039980020964569531610074824402440712830820482656763904.000000  
19379136327662000657301603250802566490903392354629993826295973000866517246803279126093262274947222119935119852738964732566572138397130343181887396121437052638131525915839280441515142785014210230519077153968830204063357302150513380677646791149962379695785826063345581571669630988617130833974829609207726080.000000  
5040641194393522355987807329695855424907661523424894372619805289464850402510359854681417405708267163844161931591845169378816202087911250532433480295987207112258131458608716207165835893337197056956937774578456961929392850609286533732111418204238911192705077964430871544357381581736283344170395016244494336.000000  
7385878175860348284847539252855877609766918015619405461130590420190680112136494135176183403123113467749257247908849128181359103307770181979466016422546106449215655658568391028585737205581872651214382922564696880555531326393467087240257691126533124935956714011272160519418672396645673516114667083355127808.000000  
5646390066290152702112934582208850404045745600680152857922465545373948221645049322119785544659732639536803114622831633292765688618984899322305641383971818739429275149640777543268532233270768035673842101901621295866775034336176468692653457631568485264534641899231313899235061240839290620746924830327046144.000000  
6558682858147290079127616270577621099612953792308969343458850979826900204405035936916391470708678817880616601729350576630516163257266941748765524772684080276915359530842620386621549098496412384774887708481265941370699592592648235447149694304952278987875347943092651714296791107500757698629336262695190528.000000  
-19627394935257858226468556602997433308610112861560873216288277809202561716537561313959614312001149030392280821003252092432288731799922535611607380278871739931152047614527036931135628169268448938783553913014643244812325842458388773030961330325427729714809687299453816215185424762339939412080789349577261056.000000  
-4302706764829580216868273423229212257878345706861428829655565794088778127905722319558136718469567400142559159886429879494819977509526792064672212292859231164897457810161090911378599502977639573050123967383466992992203273751156371048424150306416437979060840162125263068074470597982574780226797013781446656.000000  
-18666088950389104426794539861934442141250644380508870419158524773502910284448508163404645723705142371828497717798260131021768006693480682250852612539147405995191151216351623754336616614759533427989058033263990714733621622237941904278515007676411201892304315243487285245898339326884009592973034126378532864.000000  
12258724218811334235603636013489539099646338751646727073919079430996448266334178631668395637522777066867381388846331115951547960188388256294963818121718631525988502217820384658049787550720164893461919531426526259708157145009673160091832547644406726757359102758456629143697108874935110976961519311036350464.000000  
15297519934409023557400891426345670830327473073641731911298846194657220489501282494151166666074220942163820874879000292417731527214075459352407470692354176460146322057800601954004187733386559330061466074604332919721903665931256167474882384743030503066113362868726587414708360836383404301810524398324547584.000000  
-5582134428348092588092250413051738877402249417676329998058969921490374580150205552492109487872584821639538369924732301750356735386310628141808784381491742347705745703975551385449308826651797152324054475510399841711080257976065197274369780043601482881134943453356888186202210800179135932363208758917070848.000000  
-3985537974166053805027637385318699066690579175570622991322846360157906788213876230819286472843511236387703405815574408123409104113799308465940125919240715836163743491609834454586359284931202805836344419637321224255232193962374346753651361249256656214878476346154179296440891948937850687849051788649955328.000000  
-16236146764585624536276056757289413476135961978443097833651669261585498125448022828839944136405954438108536336411966686385017719281498451832991178306277563745437766268913512855918545033048791484629762008729302380025031981078366251815625263210696423350603978060732030775415899461137246786706862996449132544.000000  
-10148821424311798423617716987510931993016894233281467145758489437611765017862929405524867261425013379351218713346009126498598704715608073785684397936887290547875082405963010511576646623832517911721149240828507207083110433958148740488712503582409973074012132631543954758139167582677098122762512563901038592.000000  
617938816473484697992721612001184722927576448683216905275119814829148809730076828681937416568559196608650357434904117270711185265149529988322115086495282297924422464139692812446317400719269563248655321815917049347444120561568633372392288741335516276026898341847043913424789979804127228290403583928565760.000000  
-17309374955314989176651339750983985087809049533770887874997503224312138661540689746942026509736622859494193034531278645867238348952231931558316117273781576957830651113422376097830429947416716199353027003121047031937512236769060993702246658181411699809020125982314010235103675501401774888800838967638360064.000000  
9695697207661246215363199773377721923826953827763359849495647287152939147784923927629264222404117494292587557453464833047709254610771946999868360291042956540210687252237468383326117930755455551511532216102612870761533779409002672977450812915725983336094522107709113239402714596850958835758934906273529856.000000  
-9858397647023309825994187363340090620986465014967359954240876165081745882780703426173833933718621052889837369169622646568790848620011315895393026920226557993597566428420807144584538504137904604874322280050323615637840751518313774896776206556704796856111089137505071431035215547834488223358467715081699328.000000  
-17849650825856134925813590912993156847582648405342177374450119070768039207101705006279824557385741764666954946547773622919793198117523615913583426079131328614414966377943250137628177628665205694703340926348874579774905033205446332957179622620545494419806388606277517267990635293801099491690222572508545024.000000  
-13835770966433762656465743479809810808251759374560938439102693782209735679851703124808890325843883929447747586957317335469000570343652416864357246387078603021111214516654858604953438697342278466596950661872153457204337382829752337438357249337869575113281654451473728992093142086394053526673462029254131712.000000  
-15828440927641734929878475942129297910288246524851252598373819924661195649339203031670937110046140093889761645338608535893600394331542007774343641072870179111742059829344461756291307352669875498657904515302690620130526788464429536806957543036210239402158362450822745012137811526517013740050032066511765504.000000  
12820210163960165641983709109393143126861251158984534384288248836499460387234751269487002689079443590869821314304289143857885525890828112297367848553052751966863706953703208045874921443358197040406239424452770785459057342500615745540544658920658598932251265918079029356603823252173662983969952387202809856.000000  
16785116035722787038203240655918512486042586846260997958575148485059560296252250113340700139656760963060134729348649122834344152879224327287033328745033517140985960873091117991226322109252907378360390848624616735086032241438488038950477085268268437860904938987005350088473551783442233618400591097035227136.000000  
-10407497743394867872778673310174810818085629581757895655789651220827700995478989679091845715230824925447206820728463476746098188867774185201881405199712196656345133442959259569123668948294187812033399177628262657365651290953867489957386674085059578729181887556528481858812183102588744614648733505029144576.000000  
-7229939229209405217332116471339947286368235483487183745508431354177562512558480873788166721475891120758659985529170657177519278843115530453284279326921716865193639990051067147150581857512204226938171744476800865136574897687834344258628158893735280325585448546472907201579773265374814007294436801152811008.000000  
6439645737432939307641016105173070545014329846099434893747039789395375027409008893456632429888151883495489918774162236574674273328837656460948341914376201262715141707053003487647750270190755000384283717984109278206577590312139796444947779197617268324164173245759545494084562381720005782374058763766202368.000000  
11806524247565656940815055430747594264229133509748457497915921179377134119365339833589526464515559053224636642626340491078816598734167514869916118264537444382758545984002139885912147748070167296525956132512595166597975364144501633031570819003390158881517497439781849968944968742203563485157037620104003584.000000  
-9759707989577758675687144736681869922665881041679762413300250269593878417364385612855091828003223156650757237102669738435888455477873200185449461672123951742714973524187758735275947271243861818779385862581983666987225701656753555453057210113829204129749902545426926148122384404690954961812540445561978880.000000  
-7594139444237438609749143073400666468301344849513152044816820363347849062137955698300809427109902479099985707473165701323826359089182293606006469248896531626800536821257345434585804736301511142211558420061887371934943559758793893711918904821312292198640143074744724354283554176563088862638177958154469376.000000  
-5216196602435652232312854097027253280948154705477632353703757112224660533747057225279290867605270951803383087379790577669730300848336439564608113967988661168129581037749799398128062456106938395764932367691650267106210249009450318305843592798460695105909182123358832838140286358725043141091304680441511936.000000  
-13932523210791866397637093743714934191995966468652295957149595635995792793549308426535642557608358774536026858962195467657680496398401383696926352817617826821209351423341324326246009679347786574423894175496063909392893885011924739254383498535251538269923950272565034067247811974323269751562695491381624832.000000  
-24422659203510490963202959296008808744670874562722927049766379738158170890580699246012998568583771701293718614036127665959173844106518617339126918972250358128606903174808747714722925909794781972118173800205890439036876370519273554240567507438721000367988764182499041015458236841808521980131534781410181120.000000  
-2251739646808902949267021140125606140973777959453159966168391348143867365115980407097809080576787167305217118449946693796985525531055578840787618296398198349227594956794536566087308250218296919308947343299453357631360226952902421231949459784616731449997362147847624507190264432564789309747597897262694400.000000  
-9905238591932331674606598058870453665069356503276138479638770140432857389505730778357338410093088223482706644228390554060190352674248644860585888700127931264259450746554947556993201760395208265289900560929068024005301781958048417814842328717953382809460257061840761560770501818826591516527998384079896576.000000  
8846690456806097395851160510287444215619648107005139129710624223482224361668350964937869342355137782537846162956146108591905186247982113217388163110286448592084633883047378770119432494132655849803090978751527500059789932257120728581188451101025642089062577230050865705308499792028801883676404821459468288.000000  
-345772728657413158396607220852382586843057038749988503114689847245698586982197999702430342990787629912050657187554898715183712149633080937490322423994206385243030074712006985744112710129178603848866764046118399949962200717262535055547684145778482514328966245406522149357722209426918346428008616295399424.000000  
-385120200233744482173230910948050135417588533859413038155687955999850974700947166673988314254530221419627299885101121833289963491171261011061521543842218874100649861118801110039383424504572796213446263925581967082205558695528522161553904582880101890395470374052619425860252660775561183715304121223348224.000000  
3540970948379534548462359346824025378043645555413443557725845759936001284646175285342818453455902844270681449609739924749674906333110386777450669426668458804979034430155157877488283952746552251156065344749594383898957090145499008054876727971563651219658177728253795544079044289564753818417674564518543360.000000  
-16458925521470803237366927368332716798618632610103653522191292144721885846962816551755042268523278311518600698822396079658528107439723199398899127128481594011163513248699621356990836096225431320605721971506796252860634358864392427442556205230732893228035932401111044770845391271966379124053914524594470912.000000  
-3730502154930411905173192002368215654322871578751800617687275652164418998924005008024687197183382121876654133120055112303045433195065153101334091721129917238967799019897440101263143796912163662356501941717201375555573838734512558824904405988629761943806511757777671703054612024113773724606992311411277824.000000  
-13566955493569100711035387229531876837367585609439656198018786951247885527122339056286674677817647845956735262560239272875885351106582634613929717274720074261571181651271924917960461788171348976508985626441757985398852422509932048401719922628926562801008741848165448154563714076803202485403377937489592320.000000  
3095908507376166276278830893452069008922954328194435157591004908084026548713840370643070536509349964571945919695033927620001627655929654919846035997623759610325856949633843614173232404038133807915399078963050321920454003362789913813145012847404030633865612334172856177192960216577881493461741110118318080.000000  
20380662807307273128910934185950634862867905107905587252689587105077774336279213225188273858606898114517734546437102456315529711204255377763496438828670964327884602394969670784576860677050234877779901917363299451838946755550682642936007310340798115103708444413504284676389919348120039853615015890918572032.000000  
-5934507814895827222608943616335111666102935809268651303273666687632272252562937391464010056798302117573640915779179119621243548862028626409979309321130013852570527803735885200929326156583689329534459324143433375274987061983499850632543530979635608035443023603857062786020536400973331193385229302821289984.000000  
-6056603648217628276962283306466119009546989821904182399139440249717398106212275171627791739170109004778535173312627377651763953759065575275686533653660830869982744310977885275504506628307816891142137596888181146447588684369073952189445342968738634727645188411098838686641960792331849981763415461691654144.000000  
-5126372660988064960637594045050745546833179165494262956032855523730100692489876609621011440224758588333890645885479873935461418422988782881963658304020468588623570492221831347184611240562760901173189500751921009411330626331717292904432004525559966456756264939346426876630691785649977731397968246891085824.000000  
-10539597118815642589282991767665381687767384455482654859245199058446902483728354925967319307011195813710214374935108330948049599963909350807648476338822469406221725404070606106922488375816902197985212117799501026030002381133374555743529307994304112376396589422427779619199322953152139669414680423580041216.000000  
5797915115157553154064318243418279274840818165304550083567656271576321495957890995890822108997895817885075919174214421744907213309791275188654232967999743331430285586753804716781942395598458946158051118889229465758819547231870763705219270120989261775823220456703576467580465196031058354792261898286923776.000000  
16581801496676916812028599138082427521278066270959412265061258766118362077746128906843004490086917863758484280001812697534023710695009557738077184124333771661950469325082268724712595185297050503775867735655450968883022577157387086584958414720165808165758345390067077038981322711828937065831035709224386560.000000  
14654057027664451783905250282024600584390700759119179435359499162453707109661681153736659160271368362676567843870624985450811611412700681301939934407460800424913685081793753104782719844531134408939875165988583392685321033177089824131551020898708068324806763226096181484588928812411144875655228752916381696.000000  
-7445817906316289300551041470023909147394965525757782414831354317764645478153681321778016071074562951522832783945864251927433429542962963618266831494106066609189958546233105934342489687819488804239662190092353629026113285121405212449229038332620140129702306101919099232239025681385214168839097897287942144.000000  
14819797225509106718795405361172667548147540168091468918865040126050341804191728076925566722724557370604962483781737644437685587287646081205935061520526876248417204652286566094083847083000634923659631783476747270778711999976242154340984405566370946025535356203618525111694136553082824924020755474656788480.000000  
